Time	Target	Distance	Bearing
===========================================
0	0	21,095	174,565
0	1	28,6007	126,473
0	2	39,8121	78,4101
0	3	16,4924	284,034
0	4	35,2278	34,5933
0	5	36,6742	115,87
0	6	49	0
0	7	25,4951	191,305
0	8	32,5576	317,488
0	9	39,3192	277,303
0	10	46,3249	122,665
0	11	41,2311	112,837
0	15	39,4081	144,298
0	16	46,0435	235,616
0	17	43,7379	10,5395
0	18	43,6807	344,054
0	19	30,4795	221,005
0	20	24,4131	145,012
0	21	41,0488	34,0782
0	22	44,6542	124,05
0	23	44,7214	190,3
0	25	21,2132	135,004
===========================================
0,1	0	21,6024	173,01
0,1	1	29,3307	126,712
0,1	2	40,4918	79,4176
0,1	3	16,5291	283,565
0,1	4	35,381	34,1559
0,1	5	37,3761	114,879
0,1	6	48,8368	359,521
0,1	7	25,7267	191,732
0,1	8	32,6794	317,408
0,1	9	38,5679	278,159
0,1	10	46,7682	122,438
0,1	11	41,2229	113,796
0,1	15	38,7629	143,442
0,1	16	44,9746	235,678
0,1	17	43,387	10,3848
0,1	18	43,0756	343,447
0,1	19	29,6521	220,115
0,1	20	23,5673	143,447
0,1	21	41,9438	33,948
0,1	22	44,4495	123,844
0,1	23	44,373	190,022
0,1	25	20,5936	135,064
===========================================
0,2	0	22,1249	171,528
0,2	1	30,081	126,946
0,2	2	41,1837	80,3914
0,2	3	16,5238	283,632
0,2	4	35,4659	33,9177
0,2	5	38,0283	114,004
0,2	6	48,6556	358,974
0,2	7	25,9908	192,206
0,2	8	32,8201	317,317
0,2	9	37,8255	279,048
0,2	10	47,3234	122,161
0,2	11	41,2283	114,949
0,2	15	38,1993	142,661
0,2	16	43,9058	235,744
0,2	17	43,0555	10,2362
0,2	18	42,4756	342,822
0,2	19	28,8323	219,175
0,2	20	22,7403	141,766
0,2	21	42,8391	33,8233
0,2	22	44,2453	123,636
0,2	23	44,0765	189,781
0,2	25	20,0939	135,116
===========================================
0,3	0	22,6616	170,115
0,3	1	30,8516	127,174
0,3	2	41,887	81,3329
0,3	3	16,477	284,236
0,3	4	35,481	33,8758
0,3	5	38,628	113,235
0,3	6	48,4579	358,355
0,3	7	26,2881	192,725
0,3	8	32,9795	317,215
0,3	9	37,0926	279,973
0,3	10	47,991	121,836
0,3	11	41,2558	116,297
0,3	15	37,7149	141,962
0,3	16	42,8371	235,812
0,3	17	42,7431	10,0939
0,3	18	41,8807	342,179
0,3	19	28,0206	218,179
0,3	20	21,9344	139,96
0,3	21	43,7345	33,7037
0,3	22	44,0417	123,426
0,3	23	43,8314	189,579
0,3	25	19,7142	135,157
===========================================
0,4	0	23,2114	168,768
0,4	1	31,6423	127,396
0,4	2	42,6013	82,243
0,4	3	16,3937	285,385
0,4	4	35,4259	34,0297
0,4	5	39,1727	112,564
0,4	6	48,2456	357,665
0,4	7	26,6192	193,285
0,4	8	33,1579	317,101
0,4	9	36,3697	280,934
0,4	10	48,7717	121,469
0,4	11	41,3152	117,835
0,4	15	37,3073	141,353
0,4	16	41,7684	235,884
0,4	17	42,45	9,95839
0,4	18	41,2913	341,518
0,4	19	27,218	217,125
0,4	20	21,1519	138,019
0,4	21	44,6301	33,5888
0,4	22	43,8387	123,214
0,4	23	43,6374	189,417
0,4	25	19,4544	135,186
===========================================
0,5	0	23,7734	167,484
0,5	1	32,4533	127,613
0,5	2	43,326	83,1228
0,5	3	16,2834	287,095
0,5	4	35,3017	34,3812
0,5	5	39,6604	111,985
0,5	6	48,021	356,901
0,5	7	26,9846	193,882
0,5	8	33,3551	316,977
0,5	9	35,6575	281,934
0,5	10	49,6663	121,064
0,5	11	41,4177	119,561
0,5	15	36,9744	140,842
0,5	16	40,6998	235,96
0,5	17	42,1759	9,82989
0,5	18	40,7075	340,838
0,5	19	26,4251	216,007
0,5	20	20,3956	135,931
0,5	21	45,5259	33,4785
0,5	22	43,6364	123
0,5	23	43,4943	189,296
0,5	25	19,3145	135,202
===========================================
0,6	0	24,3469	166,26
0,6	1	33,2846	127,824
0,6	2	44,0605	83,9736
0,6	3	16,1602	289,385
0,6	4	35,1106	34,9345
0,6	5	40,0894	111,49
0,6	6	47,7863	356,062
0,6	7	27,385	194,513
0,6	8	33,5714	316,843
0,6	9	34,9566	282,975
0,6	11	41,5754	121,468
0,6	15	36,7144	140,432
0,6	16	39,6313	236,04
0,6	17	41,921	9,70875
0,6	18	40,1297	340,138
0,6	19	25,6429	214,82
0,6	20	19,6684	133,685
0,6	21	46,4219	33,3725
0,6	22	43,4346	122,784
0,6	23	43,4017	189,218
0,6	25	19,2945	135,204
===========================================
0,7	0	24,9309	165,093
0,7	1	34,1361	128,029
0,7	2	44,8045	84,7962
0,7	3	16,0438	292,274
0,7	4	34,8563	35,6961
0,7	5	40,4584	111,076
0,7	6	47,5443	355,145
0,7	7	27,8211	195,174
0,7	8	33,8066	316,699
0,7	9	34,2677	284,058
0,7	11	41,8019	123,547
0,7	15	36,5259	140,13
0,7	16	38,5628	236,125
0,7	17	41,6851	9,59526
0,7	18	39,558	339,418
0,7	19	24,8723	213,56
0,7	20	18,9737	131,271
0,7	21	47,318	33,2704
0,7	22	43,2334	122,566
0,7	23	43,3597	189,182
0,7	25	19,3944	135,192
===========================================
0,8	0	25,5247	163,98
0,8	1	35,0078	128,229
0,8	2	45,5574	85,5919
0,8	3	15,9588	295,771
0,8	4	34,5438	36,6747
0,8	5	40,7661	110,738
0,8	6	47,2978	354,149
0,8	7	28,2935	195,862
0,8	8	34,0609	316,546
0,8	9	33,5915	285,185
0,8	11	42,1112	125,789
0,8	15	36,4078	139,938
0,8	16	37,4945	236,214
0,8	17	41,4682	9,4897
0,8	18	38,9927	338,677
0,8	19	24,1146	212,219
0,8	20	18,3152	128,679
0,8	21	48,2143	33,1722
0,8	22	43,0329	122,346
0,8	23	43,3681	189,189
0,8	25	19,6143	135,168
===========================================
0,9	0	26,1278	162,918
0,9	1	35,8997	128,423
0,9	2	46,3187	86,3615
0,9	3	15,9355	299,867
0,9	4	34,1796	37,8812
0,9	5	41,0117	110,473
0,9	6	47,0501	353,073
0,9	7	28,8028	196,571
0,9	8	34,3344	316,384
0,9	9	32,9289	286,358
0,9	11	42,518	128,177
0,9	15	36,3592	139,858
0,9	16	36,4262	236,309
0,9	17	41,2703	9,39236
0,9	18	38,4341	337,914
0,9	19	23,371	210,792
0,9	20	17,6969	125,899
0,9	21	49,1107	33,0775
0,9	22	42,833	122,125
0,9	23	43,427	189,239
0,9	25	19,954	135,131
===========================================
1	0	26,7395	161,904
1	1	36,8119	128,612
1	2	47,0882	87,1061
1	3	16,0082	304,524
1	4	33,7723	39,3287
1	5	41,1945	110,278
1	6	46,8047	351,915
1	7	29,3496	197,3
1	8	34,6269	316,213
1	9	32,2806	287,578
1	11	43,0372	130,695
1	15	36,38	139,892
1	16	35,358	236,409
1	17	41,0914	9,30348
1	18	37,8825	337,129
1	19	22,6427	209,273
1	20	17,1233	122,926
1	22	42,6338	121,901
1	23	43,5364	189,332
1	25	20,4137	135,083
===========================================
1,1	0	27,3591	160,935
1,1	1	37,7443	128,795
1,1	2	47,8654	87,8266
1,1	3	16,2142	309,666
1,1	4	33,3322	41,0317
1,1	5	41,3139	110,152
1,1	6	46,5654	350,673
1,1	7	29,9346	198,043
1,1	8	34,9387	316,035
1,1	9	31,6476	288,848
1,1	11	43,6835	133,322
1,1	15	36,4703	140,039
1,1	16	34,29	236,515
1,1	17	40,9314	9,2233
1,1	18	37,3383	336,321
1,1	19	21,9315	207,653
1,1	20	16,5988	119,756
1,1	22	42,4353	121,674
1,1	23	43,6964	189,466
1,1	25	20,9933	135,025
===========================================
1,2	0	27,9862	160,01
1,2	1	38,6969	128,973
1,2	2	48,6499	88,524
1,2	3	16,5908	315,173
1,2	4	32,8719	43,0062
1,2	5	41,3697	110,093
1,2	6	46,3363	349,345
1,2	7	30,5582	198,797
1,2	8	35,2697	315,85
1,2	9	31,0307	290,169
1,2	11	44,4713	136,034
1,2	15	36,6305	140,298
1,2	16	33,2221	236,629
1,2	17	40,7903	9,15202
1,2	18	36,8017	335,489
1,2	19	21,2389	205,927
1,2	20	16,1284	116,39
1,2	22	42,2373	121,446
1,2	23	43,9074	189,642
1,2	25	21,6929	134,96
===========================================
1,3	0	28,6203	159,126
1,3	1	39,6697	129,147
1,3	2	49,4413	89,1992
1,3	3	17,1721	320,886
1,3	4	32,4065	45,2684
1,3	5	41,3618	110,102
1,3	6	46,122	347,932
1,3	7	31,2211	199,56
1,3	8	35,62	315,657
1,3	9	30,431	291,543
1,3	11	45,4136	138,807
1,3	15	36,8617	140,665
1,3	16	32,1543	236,75
1,3	17	40,668	9,08985
1,3	18	36,2731	334,633
1,3	19	20,567	204,086
1,3	20	15,7168	112,835
1,3	22	42,0401	121,216
1,3	23	44,1696	189,857
1,3	25	22,5125	134,888
===========================================
1,4	0	29,2609	158,28
1,4	1	40,6627	129,315
1,4	3	17,9858	326,631
1,4	4	31,9539	47,8336
1,4	5	41,29	110,177
1,4	6	45,9271	346,433
1,4	7	31,9236	200,327
1,4	8	35,9897	315,459
1,4	9	29,8495	292,971
1,4	11	46,5226	141,614
1,4	15	37,1652	141,137
1,4	16	31,0867	236,879
1,4	17	40,5646	9,03696
1,4	18	35,7529	333,751
1,4	19	19,9176	202,123
1,4	20	15,3689	109,104
1,4	22	41,8436	120,983
1,4	23	44,4834	190,11
1,4	25	23,452	134,812
===========================================
1,5	0	29,9076	157,47
1,5	1	41,676	129,478
1,5	3	19,051	332,235
1,5	4	31,5345	50,7144
1,5	5	41,1547	110,32
1,5	6	45,7568	344,847
1,5	7	32,6663	201,097
1,5	8	36,3789	315,254
1,5	9	29,2873	294,455
1,5	11	47,8087	144,429
1,5	14	49,8151	278,311
1,5	15	37,5427	141,707
1,5	16	30,0192	237,017
1,5	17	40,48	8,99348
1,5	18	35,2413	332,844
1,5	19	19,2932	200,03
1,5	20	15,089	105,217
1,5	22	41,6477	120,749
1,5	23	44,8491	190,401
1,5	25	24,5114	134,734
===========================================
1,6	0	30,56	156,695
1,6	1	42,7094	129,636
1,6	3	20,3777	337,557
1,6	4	31,1722	53,9183
1,6	5	40,9562	110,532
1,6	6	45,6162	343,176
1,6	7	33,4496	201,865
1,6	8	36,7874	315,044
1,6	9	28,7455	295,996
1,6	11	49,2806	147,227
1,6	14	49,6522	276,662
1,6	15	37,9962	142,371
1,6	16	28,952	237,166
1,6	17	40,4142	8,95953
1,6	18	34,7389	331,91
1,6	19	18,6963	197,8
1,6	20	14,8809	101,203
1,6	22	41,4526	120,512
1,6	23	45,2672	190,725
1,6	25	25,6909	134,654
===========================================
1,7	0	31,2178	155,953
1,7	1	43,763	129,79
1,7	3	21,968	342,499
1,7	4	30,8931	57,4449
1,7	5	40,695	110,815
1,7	6	45,5111	341,42
1,7	7	34,2738	202,63
1,7	8	37,2156	314,829
1,7	9	28,2252	297,595
1,7	14	49,5279	274,958
1,7	15	38,5278	143,12
1,7	16	27,8849	237,326
1,7	17	40,3673	8,93522
1,7	18	34,2459	330,949
1,7	19	18,1295	195,427
1,7	20	14,7477	97,096
1,7	22	41,2582	120,272
1,7	23	45,7382	191,083
1,7	25	26,9904	134,574
===========================================
1,8	0	31,8806	155,241
1,8	1	44,8368	129,94
1,8	3	23,8177	347,005
1,8	4	30,726	61,2827
1,8	5	40,3718	111,172
1,8	6	45,4472	339,583
1,8	7	35,1393	203,389
1,8	8	37,6632	314,61
1,8	9	27,7278	299,253
1,8	14	49,446	273,201
1,8	15	39,1401	143,947
1,8	16	26,8181	237,498
1,8	17	40,3391	8,9206
1,8	18	33,7629	329,96
1,8	19	17,5957	192,906
1,8	20	14,6914	92,9357
1,8	22	41,0645	120,031
1,8	23	46,2626	191,471
1,8	25	28,4099	134,495
===========================================
1,9	0	32,5482	154,558
1,9	1	45,9308	130,084
1,9	3	25,9192	351,06
1,9	4	30,701	65,4062
1,9	5	39,9878	111,606
1,9	6	45,4304	337,666
1,9	7	36,0463	204,14
1,9	8	38,1305	314,387
1,9	9	27,2544	300,97
1,9	14	49,4104	271,393
1,9	15	39,8355	144,843
1,9	16	25,7515	237,685
1,9	17	40,3297	8,91573
1,9	18	33,2902	328,943
1,9	19	17,0981	190,232
1,9	20	14,7129	88,7656
1,9	22	40,8715	119,787
1,9	23	46,841	191,887
1,9	25	29,9494	134,418
===========================================
2	0	33,2201	153,903
2	1	47,045	130,225
2	3	28,2628	354,677
2	4	30,8485	69,774
2	5	39,5439	112,121
2	6	45,4669	335,675
2	7	36,9952	204,882
2	8	38,6175	314,161
2	9	26,8063	302,746
2	14	49,4252	269,538
2	15	40,6166	145,799
2	16	24,6853	237,888
2	17	40,3391	8,9206
2	18	32,8283	327,897
2	19	16,6399	187,405
2	20	14,8119	84,6295
2	22	40,6793	119,541
2	23	47,4739	192,329
2	25	31,6089	134,343
===========================================
2,1	0	33,8963	153,274
2,1	1	48,1794	130,361
2,1	3	30,8385	357,884
2,1	4	31,1979	74,3286
2,1	5	39,0418	112,723
2,1	6	45,5626	333,613
2,1	7	37,986	205,612
2,1	8	39,1242	313,932
2,1	9	26,3848	304,58
2,1	14	49,4939	267,64
2,1	15	41,486	146,807
2,1	16	23,6193	238,11
2,1	17	40,3673	8,93522
2,1	18	32,3776	326,822
2,1	19	16,2245	184,425
2,1	20	14,9868	80,5691
2,1	22	40,4878	119,293
2,1	23	48,162	192,795
2,1	25	33,3884	134,271
===========================================
2,2	0	34,5763	152,67
2,2	1	49,3339	130,494
2,2	3	33,6365	0,719142
2,2	4	31,7753	78,9992
2,2	5	38,4831	113,418
2,2	6	45,7239	331,489
2,2	7	39,0191	206,329
2,2	8	39,6506	313,7
2,2	9	25,9913	306,472
2,2	14	49,6205	265,703
2,2	15	42,4464	147,856
2,2	16	22,5538	238,352
2,2	17	40,4142	8,95953
2,2	18	31,9387	325,716
2,2	19	15,8552	181,298
2,2	20	15,2351	76,6217
2,2	22	40,2971	119,042
2,2	23	48,9057	193,28
2,2	25	35,288	134,202
===========================================
2,3	0	35,2601	152,089
2,3	3	36,6482	3,22318
2,3	4	32,6025	83,7067
2,3	5	37,8701	114,212
2,3	6	45,9565	329,308
2,3	7	40,0945	207,033
2,3	8	40,1969	313,467
2,3	9	25,6269	308,42
2,3	14	49,8085	263,732
2,3	15	43,5	148,938
2,3	16	21,4887	238,618
2,3	17	40,48	8,99348
2,3	18	31,512	324,58
2,3	19	15,5352	178,043
2,3	20	15,5531	72,8182
2,3	22	40,1072	118,789
2,3	23	49,7057	193,784
2,3	25	37,3076	134,137
===========================================
2,4	0	35,9473	151,53
2,4	3	39,8659	5,43579
2,4	4	33,6957	88,37
2,4	5	37,2052	115,115
2,4	6	46,2662	327,079
2,4	7	41,2124	207,721
2,4	8	40,763	313,232
2,4	9	25,293	310,422
2,4	15	44,6494	150,045
2,4	16	20,4241	238,913
2,4	17	40,5646	9,03696
2,4	18	31,098	323,414
2,4	19	15,2678	174,651
2,4	20	15,9368	69,1825
2,4	22	39,9181	118,534
2,4	25	39,4472	134,075
===========================================
2,5	0	36,6379	150,992
2,5	3	43,2828	7,39382
2,5	4	35,0648	92,9143
2,5	5	36,4914	116,137
2,5	6	46,6587	324,812
2,5	7	42,3728	208,395
2,5	8	41,349	312,995
2,5	9	24,9907	312,474
2,5	15	45,8967	151,166
2,5	16	19,3601	239,239
2,5	17	40,668	9,08985
2,5	18	30,6972	322,216
2,5	19	15,0556	171,151
2,5	20	16,3815	65,7308
2,5	22	39,7298	118,276
2,5	25	41,7068	134,017
===========================================
2,6	0	37,3315	150,474
2,6	3	46,8932	9,13034
2,6	4	36,7138	97,2761
2,6	5	35,7324	117,288
2,6	6	47,1389	322,515
2,6	7	43,5759	209,051
2,6	8	41,955	312,758
2,6	9	24,7213	314,574
2,6	15	47,2437	152,296
2,6	16	18,2969	239,603
2,6	17	40,7903	9,15202
2,6	18	30,3102	320,988
2,6	19	14,9011	167,564
2,6	20	16,8824	62,4726
2,6	22	39,5423	118,015
2,6	25	44,0864	133,961
===========================================
2,7	0	38,0281	149,975
2,7	4	38,6416	101,407
2,7	5	34,9324	118,582
2,7	6	47,7115	320,2
2,7	7	44,8217	209,691
2,7	8	42,5809	312,52
2,7	9	24,4858	316,718
2,7	15	48,6923	153,426
2,7	16	17,2344	240,013
2,7	17	40,9314	9,2233
2,7	18	29,9375	319,728
2,7	19	14,8061	163,918
2,7	20	17,4346	59,4115
2,7	22	39,3556	117,753
2,7	25	46,5861	133,909
===========================================
2,8	0	38,7275	149,494
2,8	4	40,843	105,277
2,8	5	34,0965	120,035
2,8	6	48,3807	317,876
2,8	7	46,1102	210,314
2,8	8	43,2268	312,282
2,8	9	24,2852	318,9
2,8	16	16,1729	240,476
2,8	17	41,0914	9,30348
2,8	18	29,5796	318,437
2,8	19	14,7717	160,239
2,8	20	18,0335	56,5459
2,8	22	39,1698	117,487
2,8	25	49,2058	133,861
===========================================
2,9	0	39,4295	149,03
2,9	4	43,3099	108,868
2,9	5	33,2307	121,663
2,9	6	49,1501	315,555
2,9	7	47,4414	210,92
2,9	8	43,8927	312,045
2,9	9	24,1203	321,115
2,9	16	15,1127	241,004
2,9	17	41,2703	9,39236
2,9	18	29,2371	317,115
2,9	19	14,7983	156,558
2,9	20	18,6745	53,8707
2,9	22	38,9848	117,219
===========================================
3	0	40,134	148,583
3	4	46,0325	112,178
3	5	32,3421	123,485
3	7	48,8153	211,508
3	8	44,5787	311,808
3	9	23,992	323,357
3	16	14,0539	241,612
3	17	41,4682	9,4897
3	18	28,9106	315,762
3	19	14,8856	152,905
3	20	19,3535	51,3781
3	22	38,8006	116,949
===========================================
3,1	0	40,8408	148,15
3,1	4	49,0004	115,212
3,1	5	31,4394	125,524
3,1	8	45,2848	311,572
3,1	9	23,9008	325,62
3,1	16	12,997	242,319
3,1	17	41,6851	9,59526
3,1	18	28,6005	314,38
3,1	19	15,0326	149,31
3,1	20	20,0666	49,0585
3,1	22	38,6174	116,676
===========================================
3,2	0	41,5499	147,733
3,2	5	30,5326	127,803
3,2	8	46,0111	311,337
3,2	9	23,8471	327,896
3,2	16	11,9424	243,151
3,2	17	41,921	9,70875
3,2	18	28,3074	312,968
3,2	19	15,2375	145,797
3,2	20	20,8103	46,9014
3,2	22	38,435	116,4
===========================================
3,3	0	42,2612	147,329
3,3	5	29,6338	130,348
3,3	8	46,7574	311,103
3,3	9	23,8312	330,179
3,3	16	10,8908	244,143
3,3	17	42,1759	9,82989
3,3	18	28,0319	311,527
3,3	19	15,498	142,39
3,3	20	21,5815	44,8958
3,3	22	38,2535	116,122
===========================================
3,4	0	42,9744	146,939
3,4	5	28,7572	133,184
3,4	8	47,524	310,87
3,4	9	23,8532	332,462
3,4	16	9,84315	245,348
3,4	17	42,45	9,95839
3,4	18	27,7744	310,059
3,4	19	15,8114	139,107
3,4	20	22,3772	43,0306
3,4	22	38,0729	115,841
===========================================
3,5	0	43,6896	146,562
3,5	5	27,9194	136,338
3,5	8	48,3107	310,64
3,5	9	23,9129	334,737
3,5	16	8,8009	246,838
3,5	17	42,7431	10,0939
3,5	18	27,5355	308,564
3,5	19	16,1746	135,962
3,5	20	23,195	41,2953
3,5	22	37,8933	115,558
===========================================
3,6	0	44,4066	146,197
3,6	5	27,1395	139,83
3,6	8	49,1177	310,411
3,6	9	24,01	336,997
3,6	16	7,7662	248,727
3,6	17	43,0555	10,2362
3,6	18	27,3157	307,044
3,6	19	16,5843	132,963
3,6	20	24,0327	39,6795
3,6	22	37,7145	115,271
===========================================
3,7	0	45,1254	145,844
3,7	5	26,4397	143,678
3,7	8	49,9449	310,185
3,7	9	24,1442	339,235
3,7	16	6,74252	251,193
3,7	17	43,387	10,3848
3,7	18	27,1154	305,5
3,7	19	17,0372	130,116
3,7	20	24,8881	38,1736
3,7	22	37,5368	114,983
===========================================
3,8	0	45,8458	145,501
3,8	5	25,8443	147,887
3,8	9	24,3148	341,445
3,8	16	5,73578	254,533
3,8	17	43,7379	10,5395
3,8	18	26,9351	303,935
3,8	19	17,5299	127,423
3,8	20	25,7596	36,7688
3,8	22	37,36	114,691
===========================================
3,9	0	46,5678	145,169
3,9	5	25,3796	152,447
3,9	9	24,521	343,621
3,9	16	4,75674	259,27
3,9	17	44,108	10,6999
3,9	18	26,7751	302,35
3,9	19	18,0592	124,882
3,9	20	26,6456	35,4566
3,9	22	37,1842	114,396
===========================================
4	0	47,2914	144,848
4	5	25,073	157,328
4	9	24,762	345,758
4	16	3,82672	266,381
4	17	44,4974	10,8656
4	18	26,6359	300,746
4	19	18,6219	122,49
4	20	27,5446	34,2294
4	22	37,0093	114,099
===========================================
4,1	0	48,0164	144,536
4,1	5	24,9512	162,476
4,1	9	25,0367	347,851
4,1	16	2,99179	277,731
4,1	17	44,9063	11,0363
4,1	18	26,5177	299,128
4,1	19	19,2152	120,243
4,1	20	28,4555	33,0803
4,1	22	36,8355	113,799
===========================================
4,2	0	48,7427	144,233
4,2	5	25,0384	167,816
4,2	9	25,3441	349,896
4,2	16	2,35534	296,379
4,2	17	45,3346	11,2117
4,2	18	26,4208	297,496
4,2	19	19,8362	118,133
4,2	20	29,3771	32,0029
4,2	22	36,6627	113,496
===========================================
4,3	0	49,4704	143,939
4,3	5	25,3546	173,251
4,3	9	25,683	351,889
4,3	16	2,10575	323,398
4,3	17	45,7823	11,3913
4,3	18	26,3456	295,854
4,3	19	20,4825	116,153
4,3	20	30,3084	30,9914
4,3	22	36,4909	113,191
===========================================
4,4	5	25,9137	178,677
4,4	9	26,0521	353,828
4,4	16	2,36867	350,253
4,4	17	46,2496	11,5749
4,4	18	26,2921	294,203
4,4	19	21,1517	114,297
4,4	20	31,2486	30,0405
4,4	22	36,3202	112,882
===========================================
4,5	5	26,7229	183,979
4,5	9	26,4502	355,711
4,5	16	3,01277	8,65784
4,5	17	46,7365	11,7621
4,5	18	26,2605	292,547
4,5	19	21,8417	112,557
4,5	20	32,197	29,1453
4,5	22	36,1505	112,57
===========================================
4,6	5	27,7823	189,089
4,6	9	26,876	357,536
4,6	16	3,85134	19,855
4,6	17	47,243	11,9525
4,6	18	26,2508	290,889
4,6	19	22,5507	110,924
4,6	20	33,1527	28,3016
4,6	22	35,982	112,256
===========================================
4,7	5	29,0867	193,924
4,7	9	27,3282	359,303
4,7	16	4,78316	26,8805
4,7	17	47,7691	12,1458
4,7	18	26,2632	289,23
4,7	19	23,2768	109,392
4,7	20	34,1153	27,5053
4,7	22	35,8145	111,938
===========================================
4,8	5	30,6261	198,438
4,8	9	27,8055	1,00988
4,8	16	5,76317	31,5689
4,8	17	48,3149	12,3417
4,8	18	26,2976	287,575
4,8	19	24,0185	107,954
4,8	20	35,084	26,7528
4,8	22	35,6481	111,618
===========================================
4,9	5	32,3878	202,607
4,9	9	28,3067	2,65821
4,9	16	6,77049	34,8793
4,9	17	48,8805	12,5399
4,9	18	26,3538	285,925
4,9	19	24,7745	106,602
4,9	20	36,0585	26,0409
4,9	22	35,4828	111,295
===========================================
5	5	34,3577	206,426
5	9	28,8305	4,24791
5	16	7,79453	37,3263
5	17	49,4658	12,7401
5	18	26,4317	284,284
5	19	25,5435	105,331
5	20	37,0382	25,3666
5	22	35,3187	110,968
===========================================
5,1	5	36,5218	209,903
5,1	9	29,3756	5,77976
5,1	16	8,82948	39,2024
5,1	18	26,5312	282,654
5,1	19	26,3243	104,136
5,1	20	38,0229	24,7271
5,1	22	35,1558	110,639
===========================================
5,2	5	38,8664	213,056
5,2	9	29,941	7,25478
5,2	16	9,87191	40,6837
5,2	18	26,6521	281,037
5,2	19	27,1158	103,009
5,2	20	39,012	24,12
5,2	22	34,994	110,306
===========================================
5,3	5	41,379	215,911
5,3	9	30,5255	8,67423
5,3	16	10,9197	41,8814
5,3	18	26,7939	279,436
5,3	19	27,9173	101,947
5,3	20	40,0053	23,5429
5,3	22	34,8334	109,971
===========================================
5,4	5	44,0484	218,492
5,4	9	31,128	10,0395
5,4	16	11,9714	42,869
5,4	18	26,9564	277,853
5,4	19	28,7278	100,944
5,4	20	41,0024	22,9939
5,4	22	34,674	109,632
===========================================
5,5	5	46,8645	220,827
5,5	9	31,7475	11,3523
5,5	16	13,026	43,6969
5,5	18	27,1393	276,29
5,5	19	29,5466	99,997
5,5	20	42,0031	22,471
5,5	22	34,5159	109,29
===========================================
5,6	5	49,8188	222,94
5,6	9	32,383	12,6141
5,6	16	14,083	44,4006
5,6	18	27,342	274,75
5,6	19	30,3731	99,101
5,6	20	43,0072	21,9724
5,6	22	34,3589	108,945
===========================================
5,7	9	33,0336	13,8269
5,7	16	15,1418	45,006
5,7	18	27,5643	273,233
5,7	19	31,2066	98,2526
5,7	20	44,0143	21,4966
5,7	22	34,2033	108,597
===========================================
5,8	9	33,6985	14,9922
5,8	16	16,2021	45,5322
5,8	18	27,8055	271,741
5,8	19	32,0466	97,4486
5,8	20	45,0244	21,0422
5,8	22	34,0489	108,246
===========================================
5,9	9	34,3767	16,1121
5,9	16	17,2636	45,9938
5,9	18	28,0652	270,276
5,9	19	32,8926	96,6858
5,9	20	46,0372	20,6077
5,9	22	33,8958	107,892
===========================================
6	9	35,0676	17,1882
6	16	18,3261	46,4018
6	18	28,343	268,839
6	19	33,7441	95,9614
6	20	47,0525	20,192
6	22	33,744	107,534
===========================================
6,1	9	35,7703	18,2224
6,1	16	19,3894	46,7652
6,1	18	28,6382	267,431
6,1	19	34,6007	95,2727
6,1	20	48,0702	19,7938
6,1	22	33,5935	107,173
===========================================
6,2	9	36,4843	19,2164
6,2	16	20,4534	47,0907
6,2	18	28,9504	266,052
6,2	19	35,4621	94,6174
6,2	20	49,0901	19,4121
6,2	22	33,4444	106,809
===========================================
6,3	9	37,2088	20,172
6,3	16	21,518	47,384
6,3	18	29,2789	264,703
6,3	19	36,3279	93,9932
6,3	22	33,2966	106,442
===========================================
6,4	9	37,9433	21,0908
6,4	16	22,5831	47,6497
6,4	18	29,6234	263,385
6,4	19	37,1979	93,3982
6,4	22	33,1502	106,071
===========================================
6,5	9	38,6871	21,9746
6,5	16	23,6487	47,8914
6,5	18	29,9831	262,098
6,5	19	38,0716	92,8304
6,5	22	33,0053	105,697
===========================================
6,6	9	39,4398	22,8248
6,6	16	24,7146	48,1123
6,6	18	30,3576	260,842
6,6	19	38,9489	92,2882
6,6	22	32,8617	105,32
===========================================
6,7	9	40,2009	23,6429
6,7	16	25,7809	48,3149
6,7	18	30,7464	259,617
6,7	19	39,8296	91,7699
6,7	22	32,7196	104,94
===========================================
6,8	9	40,9698	24,4306
6,8	16	26,8474	48,5014
6,8	18	31,1488	258,423
6,8	19	40,7134	91,274
6,8	22	32,5789	104,556
===========================================
6,9	9	41,7462	25,189
6,9	16	27,9143	48,6737
6,9	18	31,5644	257,261
6,9	19	41,6001	90,7993
6,9	22	32,4397	104,169
===========================================
7	9	42,5297	25,9197
7	16	28,9813	48,8333
7	18	31,9927	256,128
7	19	42,4895	90,3444
7	22	32,302	103,779
===========================================
7,1	9	43,3198	26,6238
7,1	16	30,0486	48,9815
7,1	18	32,4331	255,027
7,1	19	43,3815	89,9082
7,1	22	32,1658	103,385
===========================================
7,2	9	44,1162	27,3025
7,2	16	31,116	49,1196
7,2	18	32,8852	253,955
7,2	19	44,2759	89,4895
7,2	22	32,0311	102,988
===========================================
7,3	9	44,9186	27,9572
7,3	16	32,1837	49,2485
7,3	18	33,3485	252,912
7,3	19	45,1726	89,0875
7,3	22	31,898	102,588
===========================================
7,4	9	45,7267	28,5887
7,4	16	33,2515	49,3691
7,4	18	33,8225	251,899
7,4	19	46,0714	88,7012
7,4	22	31,7665	102,184
===========================================
7,5	9	46,5401	29,1983
7,5	16	34,3194	49,4822
7,5	18	34,3068	250,914
7,5	19	46,9722	88,3296
7,5	22	31,6365	101,777
===========================================
7,6	9	47,3586	29,7868
7,6	16	35,3874	49,5885
7,6	18	34,8009	249,956
7,6	19	47,875	87,9721
7,6	22	31,5082	101,367
===========================================
7,7	9	48,1819	30,3553
7,7	16	36,4556	49,6886
7,7	18	35,3045	249,026
7,7	19	48,7795	87,6278
7,7	22	31,3815	100,953
===========================================
7,8	9	49,0099	30,9047
7,8	16	37,5238	49,783
7,8	18	35,8172	248,122
7,8	19	49,6857	87,296
7,8	22	31,2564	100,536
===========================================
7,9	9	49,8421	31,4357
7,9	16	38,5922	49,8721
7,9	18	36,3385	247,243
7,9	22	31,133	100,116
===========================================
8	16	39,6607	49,9565
8	18	36,8681	246,39
8	22	31,0113	99,6918
===========================================
8,1	16	40,7292	50,0364
8,1	18	37,4057	245,561
8,1	22	30,8913	99,2649
===========================================
8,2	16	41,7978	50,1122
8,2	18	37,9508	244,756
8,2	22	30,773	98,8346
===========================================
8,3	16	42,8665	50,1843
8,3	18	38,5033	243,974
8,3	22	30,6565	98,401
===========================================
8,4	16	43,9352	50,2528
8,4	18	39,0627	243,214
8,4	22	30,5418	97,9641
===========================================
8,5	16	45,004	50,3181
8,5	18	39,6288	242,475
8,5	22	30,4288	97,524
===========================================
8,6	16	46,0729	50,3804
8,6	18	40,2013	241,758
8,6	22	30,3177	97,0806
===========================================
8,7	16	47,1418	50,4398
8,7	18	40,7799	241,06
8,7	22	30,2083	96,6339
===========================================
8,8	16	48,2107	50,4966
8,8	18	41,3644	240,383
8,8	22	30,1009	96,1841
===========================================
8,9	16	49,2797	50,551
8,9	18	41,9545	239,724
8,9	22	29,9953	95,731
===========================================
9	18	42,55	239,084
9	22	29,8915	95,2748
===========================================
9,1	18	43,1507	238,461
9,1	22	29,7897	94,8154
===========================================
9,2	18	43,7563	237,855
9,2	22	29,6898	94,353
===========================================
9,3	18	44,3667	237,267
9,3	22	29,5919	93,8874
===========================================
9,4	18	44,9817	236,694
9,4	22	29,4959	93,4187
===========================================
9,5	18	45,601	236,137
9,5	22	29,402	92,9471
===========================================
9,6	18	46,2245	235,594
9,6	22	29,31	92,4724
===========================================
9,7	18	46,852	235,066
9,7	22	29,22	91,9948
===========================================
9,8	18	47,4834	234,553
9,8	22	29,1321	91,5143
===========================================
9,9	18	48,1186	234,052
9,9	22	29,0463	91,0309
===========================================
10	18	48,7573	233,565
10	22	28,9625	90,5446
===========================================
10,1	18	49,3994	233,09
10,1	22	28,8808	90,0556
===========================================
10,2	22	28,8013	89,5638
===========================================
10,3	22	28,7239	89,0694
===========================================
10,4	22	28,6486	88,5723
===========================================
10,5	22	28,5755	88,0726
===========================================
10,6	22	28,5046	87,5705
===========================================
10,7	22	28,4358	87,0658
===========================================
10,8	22	28,3693	86,5587
===========================================
10,9	22	28,3051	86,0493
===========================================
11	22	28,243	85,5377
===========================================
11,1	22	28,1833	85,0238
===========================================
11,2	22	28,1258	84,5077
===========================================
11,3	22	28,0706	83,9896
===========================================
11,4	22	28,0177	83,4695
===========================================
11,5	22	27,9671	82,9475
===========================================
11,6	22	27,9189	82,4236
===========================================
11,7	22	27,873	81,898
===========================================
11,8	22	27,8294	81,3706
===========================================
11,9	22	27,7883	80,8417
===========================================
12	22	27,7494	80,3112
===========================================
12,1	22	27,713	79,7793
===========================================
12,2	22	27,679	79,246
===========================================
12,3	22	27,6474	78,7115
===========================================
12,4	22	27,6182	78,1758
===========================================
12,5	22	27,5914	77,639
===========================================
12,6	22	27,567	77,1012
===========================================
12,7	22	27,5451	76,5625
===========================================
12,8	22	27,5256	76,023
===========================================
12,9	22	27,5085	75,4828
===========================================
13	22	27,4939	74,942
===========================================
13,1	22	27,4817	74,4006
===========================================
13,2	22	27,472	73,8588
===========================================
13,3	22	27,4648	73,3166
===========================================
13,4	22	27,46	72,7743
===========================================
13,5	22	27,4577	72,2318
===========================================
13,6	22	27,4579	71,6892
===========================================
13,7	22	27,4605	71,1467
===========================================
13,8	22	27,4655	70,6043
===========================================
13,9	22	27,473	70,0622
===========================================
14	22	27,483	69,5205
===========================================
14,1	22	27,4955	68,9792
===========================================
14,2	22	27,5104	68,4384
===========================================
14,3	22	27,5277	67,8983
===========================================
14,4	22	27,5475	67,3588
===========================================
14,5	22	27,5697	66,8202
===========================================
14,6	22	27,5944	66,2826
===========================================
14,7	22	27,6214	65,7459
===========================================
14,8	22	27,6509	65,2103
===========================================
14,9	22	27,6828	64,6759
===========================================
15	22	27,7171	64,1428
===========================================
15,1	22	27,7538	63,6111
===========================================
15,2	22	27,7929	63,0808
===========================================
15,3	22	27,8344	62,552
===========================================
15,4	22	27,8782	62,0249
===========================================
15,5	22	27,9244	61,4994
===========================================
15,6	22	27,9729	60,9758
===========================================
15,7	22	28,0237	60,454
===========================================
15,8	22	28,0769	59,9341
===========================================
15,9	22	28,1324	59,4162
===========================================
16	22	28,1901	58,9004
===========================================
16,1	22	28,2501	58,3868
===========================================
16,2	22	28,3124	57,8754
===========================================
16,3	22	28,377	57,3662
===========================================
16,4	22	28,4437	56,8594
===========================================
16,5	22	28,5127	56,3551
===========================================
16,6	22	28,5839	55,8532
===========================================
16,7	22	28,6572	55,3538
===========================================
16,8	22	28,7327	54,857
===========================================
16,9	22	28,8104	54,3629
===========================================
17	22	28,8902	53,8714
===========================================
17,1	22	28,9721	53,3827
===========================================
17,2	22	29,0562	52,8968
===========================================
17,3	22	29,1422	52,4138
===========================================
17,4	22	29,2304	51,9336
===========================================
17,5	22	29,3206	51,4563
===========================================
17,6	22	29,4128	50,982
===========================================
17,7	22	29,507	50,5107
===========================================
17,8	22	29,6032	50,0424
===========================================
17,9	22	29,7014	49,5772
===========================================
18	22	29,8015	49,115
===========================================
18,1	22	29,9035	48,656
===========================================
18,2	22	30,0074	48,2002
===========================================
18,3	22	30,1133	47,7475
===========================================
18,4	22	30,221	47,298
===========================================
18,5	22	30,3305	46,8518
===========================================
18,6	22	30,4419	46,4087
===========================================
18,7	22	30,555	45,969
===========================================
18,8	22	30,67	45,5325
===========================================
18,9	22	30,7867	45,0993
===========================================
19	22	30,9052	44,6694
===========================================
19,1	22	31,0254	44,2428
===========================================
19,2	22	31,1473	43,8195
===========================================
19,3	22	31,2709	43,3995
===========================================
19,4	22	31,3961	42,9829
===========================================
19,5	22	31,523	42,5696
===========================================
19,6	22	31,6516	42,1596
===========================================
19,7	22	31,7817	41,753
===========================================
19,8	22	31,9134	41,3497
===========================================
19,9	22	32,0467	40,9497
===========================================
20	22	32,1816	40,5531
===========================================
20,1	22	32,3179	40,1598
===========================================
20,2	22	32,4558	39,7698
===========================================
20,3	22	32,5952	39,3832
===========================================
20,4	22	32,736	38,9998
===========================================
20,5	22	32,8783	38,6198
===========================================
20,6	22	33,0221	38,243
===========================================
20,7	22	33,1672	37,8695
===========================================
20,8	22	33,3137	37,4993
===========================================
20,9	22	33,4617	37,1324
===========================================
21	22	33,6109	36,7687
===========================================
21,1	22	33,7616	36,4082
===========================================
21,2	22	33,9135	36,051
===========================================
21,3	22	34,0668	35,6969
===========================================
21,4	22	34,2213	35,346
===========================================
21,5	22	34,3771	34,9983
===========================================
21,6	22	34,5342	34,6538
===========================================
21,7	22	34,6925	34,3124
===========================================
21,8	22	34,852	33,9741
===========================================
21,9	22	35,0128	33,6389
===========================================
22	22	35,1747	33,3067
===========================================
22,1	22	35,3378	32,9776
===========================================
22,2	22	35,502	32,6516
===========================================
22,3	22	35,6674	32,3286
===========================================
22,4	22	35,8339	32,0085
===========================================
22,5	22	36,0015	31,6915
===========================================
22,6	22	36,1702	31,3773
===========================================
22,7	22	36,34	31,0661
===========================================
22,8	22	36,5109	30,7578
===========================================
22,9	22	36,6828	30,4524
===========================================
23	22	36,8557	30,1499
===========================================
23,1	22	37,0296	29,8502
===========================================
23,2	22	37,2046	29,5532
===========================================
23,3	22	37,3805	29,2591
===========================================
23,4	22	37,5574	28,9678
===========================================
23,5	22	37,7353	28,6791
===========================================
23,6	22	37,9141	28,3932
===========================================
23,7	22	38,0939	28,11
===========================================
23,8	22	38,2746	27,8295
===========================================
23,9	22	38,4561	27,5516
===========================================
24	22	38,6386	27,2763
===========================================
24,1	22	38,822	27,0036
===========================================
24,2	22	39,0062	26,7335
===========================================
24,3	22	39,1913	26,4659
===========================================
24,4	22	39,3773	26,2008
===========================================
24,5	22	39,5641	25,9383
===========================================
24,6	22	39,7517	25,6782
===========================================
24,7	22	39,9401	25,4206
===========================================
24,8	22	40,1293	25,1654
===========================================
24,9	22	40,3193	24,9125
===========================================
25	22	40,5101	24,6621
===========================================
25,1	22	40,7016	24,414
===========================================
25,2	22	40,8939	24,1683
===========================================
25,3	22	41,087	23,9248
===========================================
25,4	22	41,2808	23,6837
===========================================
25,5	22	41,4753	23,4447
===========================================
25,6	22	41,6705	23,2081
===========================================
25,7	22	41,8664	22,9736
===========================================
25,8	22	42,063	22,7413
===========================================
25,9	22	42,2603	22,5112
===========================================
26	22	42,4583	22,2832
===========================================
26,1	22	42,657	22,0574
===========================================
26,2	22	42,8563	21,8336
===========================================
26,3	22	43,0562	21,612
===========================================
26,4	22	43,2568	21,3923
===========================================
26,5	22	43,458	21,1748
===========================================
26,6	22	43,6599	20,9592
===========================================
26,7	22	43,8623	20,7456
===========================================
26,8	22	44,0654	20,5339
===========================================
26,9	22	44,269	20,3243
===========================================
27	22	44,4733	20,1165
===========================================
27,1	22	44,6781	19,9106
===========================================
27,2	22	44,8835	19,7066
===========================================
27,3	22	45,0894	19,5045
===========================================
27,4	22	45,2959	19,3042
===========================================
27,5	22	45,503	19,1058
===========================================
27,6	22	45,7106	18,9091
===========================================
27,7	22	45,9187	18,7142
===========================================
27,8	22	46,1274	18,5211
===========================================
27,9	22	46,3366	18,3298
===========================================
28	22	46,5463	18,1401
===========================================
28,1	22	46,7565	17,9522
===========================================
28,2	22	46,9671	17,7659
===========================================
28,3	22	47,1783	17,5813
===========================================
28,4	22	47,39	17,3983
===========================================
28,5	22	47,6022	17,217
===========================================
28,6	22	47,8148	17,0373
===========================================
28,7	22	48,0279	16,8592
===========================================
28,8	22	48,2414	16,6826
===========================================
28,9	22	48,4554	16,5076
===========================================
29	22	48,6699	16,3342
===========================================
29,1	22	48,8848	16,1623
===========================================
29,2	22	49,1001	15,9919
===========================================
29,3	22	49,3159	15,8229
===========================================
29,4	22	49,532	15,6555
===========================================
29,5	22	49,7486	15,4895
===========================================
29,6	22	49,9657	15,3249
===========================================
===========================================
===========================================
===========================================
===========================================
===========================================
===========================================
===========================================
===========================================
===========================================
===========================================
===========================================
===========================================
===========================================
===========================================
===========================================
===========================================
===========================================
===========================================
===========================================
===========================================
===========================================
===========================================
===========================================
===========================================
===========================================
===========================================
===========================================
===========================================
===========================================
===========================================
===========================================
===========================================
===========================================
===========================================
===========================================
===========================================
===========================================
===========================================
===========================================
===========================================
===========================================
===========================================
===========================================
===========================================
===========================================
===========================================
===========================================
===========================================
===========================================
===========================================
===========================================
===========================================
===========================================
===========================================
===========================================
===========================================
===========================================
===========================================
===========================================
===========================================
===========================================
===========================================
===========================================
===========================================
===========================================
===========================================
===========================================
===========================================
===========================================
===========================================
===========================================
===========================================
===========================================
===========================================
===========================================
===========================================
===========================================
===========================================
===========================================
===========================================
===========================================
===========================================
===========================================
===========================================
===========================================
===========================================
===========================================
===========================================
===========================================
===========================================
===========================================
===========================================
===========================================
===========================================
===========================================
===========================================
===========================================
===========================================
===========================================
===========================================
===========================================
===========================================
===========================================
===========================================
===========================================
===========================================
===========================================
===========================================
===========================================
===========================================
===========================================
===========================================
===========================================
===========================================
===========================================
===========================================
===========================================
===========================================
===========================================
===========================================
===========================================
===========================================
===========================================
===========================================
===========================================
===========================================
===========================================
===========================================
===========================================
===========================================
===========================================
===========================================
===========================================
===========================================
===========================================
===========================================
===========================================
===========================================
===========================================
===========================================
===========================================
===========================================
===========================================
===========================================
===========================================
===========================================
===========================================
===========================================
===========================================
===========================================
===========================================
===========================================
===========================================
===========================================
===========================================
===========================================
===========================================
===========================================
===========================================
===========================================
===========================================
===========================================
===========================================
===========================================
===========================================
===========================================
===========================================
===========================================
===========================================
===========================================
===========================================
===========================================
===========================================
===========================================
===========================================
===========================================
===========================================
===========================================
===========================================
===========================================
===========================================
===========================================
===========================================
===========================================
===========================================
===========================================
===========================================
===========================================
===========================================
===========================================
===========================================
===========================================
===========================================
===========================================
===========================================
===========================================
===========================================
===========================================
===========================================
===========================================
===========================================
===========================================
===========================================
===========================================
===========================================
===========================================
===========================================
===========================================
===========================================
===========================================
===========================================
===========================================
===========================================
===========================================
===========================================
===========================================
===========================================
===========================================
===========================================
===========================================
===========================================
===========================================
===========================================
===========================================
===========================================
===========================================
===========================================
===========================================
===========================================
===========================================
===========================================
===========================================
===========================================
===========================================
===========================================
===========================================
===========================================
===========================================
===========================================
===========================================
===========================================
===========================================
===========================================
===========================================
===========================================
===========================================
===========================================
===========================================
===========================================
===========================================
===========================================
===========================================
===========================================
===========================================
===========================================
===========================================
===========================================
===========================================
===========================================
===========================================
===========================================
===========================================
===========================================
===========================================
===========================================
===========================================
===========================================
===========================================
===========================================
===========================================
===========================================
===========================================
===========================================
===========================================
===========================================
===========================================
===========================================
===========================================
===========================================
===========================================
===========================================
===========================================
===========================================
===========================================
===========================================
===========================================
===========================================
===========================================
===========================================
===========================================
===========================================
===========================================
===========================================
===========================================
===========================================
===========================================
===========================================
===========================================
===========================================
===========================================
===========================================
===========================================
===========================================
===========================================
===========================================
===========================================
===========================================
===========================================
===========================================
===========================================
===========================================
===========================================
===========================================
===========================================
===========================================
===========================================
===========================================
===========================================
===========================================
===========================================
===========================================
===========================================
===========================================
===========================================
===========================================
===========================================
===========================================
===========================================
===========================================
===========================================
===========================================
===========================================
===========================================
===========================================
===========================================
===========================================
===========================================
===========================================
===========================================
===========================================
===========================================
===========================================
===========================================
===========================================
===========================================
===========================================
===========================================
===========================================
===========================================
===========================================
===========================================
===========================================
===========================================
===========================================
===========================================
===========================================
===========================================
===========================================
===========================================
===========================================
===========================================
===========================================
===========================================
===========================================
===========================================
===========================================
===========================================
===========================================
===========================================
===========================================
===========================================
===========================================
===========================================
===========================================
===========================================
===========================================
===========================================
===========================================
===========================================
===========================================
===========================================
===========================================
===========================================
===========================================
===========================================
===========================================
===========================================
===========================================
===========================================
===========================================
===========================================
===========================================
===========================================
===========================================
===========================================
===========================================
===========================================
===========================================
===========================================
===========================================
===========================================
===========================================
===========================================
===========================================
===========================================
===========================================
===========================================
===========================================
===========================================
===========================================
===========================================
===========================================
===========================================
===========================================
===========================================
===========================================
===========================================
===========================================
===========================================
===========================================
===========================================
===========================================
===========================================
===========================================
===========================================
===========================================
===========================================
===========================================
===========================================
===========================================
===========================================
===========================================
===========================================
===========================================
===========================================
===========================================
===========================================
===========================================
===========================================
===========================================
===========================================
===========================================
===========================================
===========================================
===========================================
===========================================
===========================================
===========================================
===========================================
===========================================
===========================================
===========================================
===========================================
===========================================
===========================================
===========================================
===========================================
===========================================
===========================================
===========================================
===========================================
===========================================
===========================================
===========================================
===========================================
===========================================
===========================================
===========================================
===========================================
===========================================
===========================================
===========================================
===========================================
===========================================
===========================================
===========================================
===========================================
===========================================
===========================================
===========================================
===========================================
===========================================
===========================================
===========================================
===========================================
===========================================
===========================================
===========================================
===========================================
===========================================
===========================================
===========================================
===========================================
===========================================
===========================================
===========================================
===========================================
===========================================
===========================================
===========================================
===========================================
===========================================
===========================================
===========================================
===========================================
===========================================
===========================================
===========================================
===========================================
===========================================
===========================================
===========================================
===========================================
===========================================
===========================================
===========================================
===========================================
===========================================
===========================================
===========================================
===========================================
===========================================
===========================================
===========================================
===========================================
===========================================
===========================================
===========================================
===========================================
===========================================
===========================================
===========================================
===========================================
===========================================
===========================================
===========================================
===========================================
===========================================
===========================================
===========================================
===========================================
===========================================
===========================================
===========================================
===========================================
===========================================
===========================================
===========================================
===========================================
===========================================
===========================================
===========================================
===========================================
===========================================
===========================================
===========================================
===========================================
===========================================
===========================================
===========================================
===========================================
===========================================
===========================================
===========================================
===========================================
===========================================
===========================================
===========================================
===========================================
===========================================
===========================================
===========================================
===========================================
===========================================
===========================================
===========================================
===========================================
===========================================
===========================================
===========================================
===========================================
===========================================
===========================================
===========================================
===========================================
===========================================
===========================================
===========================================
===========================================
===========================================
===========================================
===========================================
===========================================
===========================================
===========================================
===========================================
===========================================
===========================================
===========================================
===========================================
===========================================
===========================================
===========================================
===========================================
===========================================
===========================================
===========================================
===========================================
===========================================
===========================================
===========================================
===========================================
===========================================
===========================================
===========================================
===========================================
===========================================
===========================================
===========================================
===========================================
===========================================
===========================================
===========================================
===========================================
===========================================
===========================================
===========================================
===========================================
===========================================
===========================================
===========================================
===========================================
===========================================
===========================================
===========================================
===========================================
===========================================
===========================================
===========================================
===========================================
===========================================
===========================================
===========================================
===========================================
===========================================
===========================================
===========================================
===========================================
===========================================
===========================================
===========================================
===========================================
===========================================
===========================================
===========================================
===========================================
===========================================
===========================================
===========================================
===========================================
===========================================
===========================================
===========================================
===========================================
===========================================
===========================================
===========================================
===========================================
===========================================
===========================================
===========================================
===========================================
===========================================
===========================================
===========================================
===========================================
===========================================
===========================================
===========================================
===========================================
===========================================
===========================================
===========================================
===========================================
===========================================
===========================================
===========================================
===========================================
===========================================
===========================================
===========================================
===========================================
===========================================
===========================================
===========================================
===========================================
===========================================
===========================================
===========================================
===========================================
===========================================
===========================================
===========================================
